0 4961850
1 769005
2 18171419
3 18172854
4 317298 16600567
5 221122
6 870219
7 5189259
8 18180903
9 4322692 18188320
10 4238569
11 1511496
12 18169385
13 18189993
14 18169012
15 2070039
16 6988122
17 3819796
18 18182419
19 18181120
20 18186785
21 18190238
22 18168807
23 1200073
24 3423620
25 18170610
26 18171511
27 10652374
28 190944
29 23192
30 18168789
31 120512
32 18190836
33 4759209
34 5521605
35 18184427
36 2851037
37 18175163
38 4031035
39 3824402 18169270
40 624500
41 3841585
42 268082
43 18184744
44 18187958
45 4249474
46 18182982
47 18190689
48 5041348
49 1808176
50 12395659
51 3957647
52 3840137
53 1568734
54 18182455
55 18191138
56 3337669
57 18193863
58 631650 4520280 18183706
59 13157451
60 790757
61 18180669
62 18172366
63 18172998
64 14238764
65 18181952
66 18175848
67 18192415
68 460118
69 8959
70 18192061
71 18180318
72 18169030
73 2159853 628432
74 18175483
75 3880996
76 18169668
77 4207557
78 4050888
79 113217 4935355
80 460232
81 4743897
82 2654359
83 1001425
84 18186676
85 3823253
86 190995
87 2327484
88 3839026
89 3861406
90 18175252 3860511
91 3936482
92 118382
93 2563451
94 4271
95 6151407
96 18173991
97 18189655
98 5640089
99 289266
100 3873855
101 153358
102 3832814
103 6253380 18184412
104 18188528
105 4652830 5614454
106 6288357
107 18179994
108 18188632
109 3822338 18190549
110 1156424
111 518756
112 3669181
113 18178554
114 11209391
115 18190896
116 18179184
117 1771270
118 15343
119 192524
120 18171461
121 3821863
122 5718259
123 18170230
124 18192113
125 3828383
126 4274801
127 4141568
128 1511496
129 18188253
130 6424566
131 3845954
132 18188864 23469
133 4030545 1943637
134 18172854
135 110699
136 1182919
137 253326
138 6741690
139 18182648
140 56226
141 1924665
142 872153
143 22491
144 18181542
145 1646404
146 18176657
147 3820401
148 746292
149 7488725
150 3966537
151 18178748
152 166981
153 5523219
154 12885779
155 4163056 58125
156 18188015
157 3992355
158 15911
159 6132248
160 5041348
161 6967097
162 18181394
163 7611833
164 3835035
165 5316239
166 233507
167 18188514
168 1845852
169 3923866
170 4046534
171 18181353
172 15654462
173 18181798
174 6332963
175 4948706
176 1123714 3872044
177 3136833
178 2445485
179 12077
180 2756147
181 18193498
182 18181169
183 4126697
184 4000258
185 106147
186 3825688
187 4656895
188 3832814
189 5094912
190 18183444
191 18169310 18171771 18174653 18177181 18180194 18180233 4547384 7858841 18193673
192 239794
193 316383
194 383972
195 18186446 18174996
196 18175297
197 18175714
198 2882302
199 18171442
200 3826117
201 208849
202 4567816
203 4184978
204 6022466
205 4519807
206 3830677
207 3700620
208 119296
209 5034943
210 3901436
211 172820
212 13584236
213 18189890
214 5020441
215 3133808 3864957
216 18169167
217 3831784
218 18172496
219 4961015
220 4388434
221 632984
222 3889346
223 52967
224 204272
225 3824372
226 6084979
227 7005182
228 57076
229 3505993
230 1305641
231 18183667
232 18172777
233 18185415
234 18186227
235 163622
236 183884
237 18181950
238 3915894
239 4283475 3876559
240 18169293
241 2110949
242 44697
243 393425
244 340643
245 208810
246 1601762
247 18170302
248 966080
249 18170776
250 2191457
251 3889322
252 1511496
253 18180681
254 443364
255 3851822
256 18172219
257 18169078
258 4812468
259 540361 38760
260 2756147
261 5186896
262 18171319
263 18168798
264 23054
265 12462219
266 1511496
267 1414320
268 6133973
269 1116666
270 18169113
271 18179305
272 3951824
273 18185878
274 6111461
275 4818702
276 18181199
277 67999
278 4367
279 437016
280 8552242
281 15442402
282 2489327
283 3398755
284 3838614
285 4520280
286 2780234
287 4627874
288 17348
289 12698252
290 18168869
291 2208964
292 18184261
293 5608887
294 3822284
295 111292
296 1634851
297 18182819
298 18178642
299 18173623
300 1688616
301 3929595
302 1052524
303 1746
304 3483729
305 3824595
306 18184889
307 18179837
308 5012988
309 18183069
310 3852934
311 18171247
312 18169855
313 4204281
314 40390
315 18171944
316 3832825
317 3075795
318 18182951
319 3828704
320 4076435
321 3118848
322 3838501
323 18175423
324 15911
325 5792190
326 10750153
327 63461
328 18185452
329 18171131
330 7223775
331 18190390
332 20052
333 264345
334 3826043
335 4172821
336 288412
337 6132248
338 18181365
339 6464302
340 18170393
341 243969
342 18178297
343 18185765
344 1920 2942169
345 3856182
346 1564548
347 18170315
348 2742827
349 53062 12613830
350 3526691
351 18183592
352 4036972
353 18175635 6219762
354 4747177
355 4322314
356 4303591
357 18192018
358 18193603
359 18170845
360 139778
361 13345795
362 4933978
363 5824493
364 277627
365 3824595
366 2132339
367 3700620
368 1510122
369 2789596 3876859
370 5313559 3853405
371 18171667
372 3821054
373 18187410
374 4367
375 5849859
376 71275
377 6875755
378 4266547
379 2174373
380 18173983
381 18171782
382 3819793
383 18175859 18176457
384 4313404
385 18177404
386 3828001
387 5521605
388 18190138
389 34494
390 18169802
391 1647544
392 2721402
393 4503314
394 18177583
395 1511496
396 113629
397 331410
398 18172113
399 4173367
400 18179045
401 18186734
402 14109908
403 4694288
404 3959983
405 7979936
406 22492
407 18177048
408 9879602
409 62011
410 3840113
411 1255354
412 3826409
413 3832919
414 4173040
415 18193183
416 2377539
417 49141
418 18181722
419 10984645
420 18183007
421 5355403
422 18193857
423 18193334
424 1424676
425 5112774
426 139391 4401624
427 8463212
428 18182738
429 71244
430 6546080
431 1200150
432 1411601
433 221042
434 4794102
435 18179385
436 18168828
437 80121 6676452
438 1480
439 18168982
440 18175826
441 18181256
442 18185632
443 15911
444 18185072
445 4616805
446 18172139
447 1164152
448 1475
449 1780681
450 243969
451 3118848
452 190944
453 1104905
454 4785144
455 3980947
456 1515089
457 4154787
458 18179047
459 3821053
460 8326433
461 3949185 4479904
462 18177425
463 18177795
464 3822612
465 137078
466 18183378
467 18169216
468 3381746
469 3883904
470 632681
471 18169248
472 111670
473 1144245
474 66687
475 18179522
476 18193718
477 202243
478 18168807
479 18169201
480 574722
481 1371479
482 4033111 1489946
483 18188062
484 24965
485 3819162
486 18180387
487 1142441
488 18173986
489 40390
490 18168860
491 18176362
492 4460166
493 4959744
494 7872002
495 3824598
496 6722037
497 13429814
498 3523025
499 11382
500 514254
501 3836566
502 3827656
503 153846
504 5545557
505 13439418
506 6214714
507 3815745 4204238
508 3840624
509 183157
510 3821791
511 3902487
512 5090856
513 5029155
514 18192609
515 3826043
516 11232297
517 1156424
518 1484329
519 4314281
520 18176491
521 3943194
522 1748773
523 3885342
524 4140020
525 4658227
526 165783
527 18169336
528 18172888
529 2245190
530 13383847
531 3866627 790757
532 3827715
533 18174962
534 3828794
535 18168912
536 5069319
537 4088605
538 3822612
539 18172854
540 2062892
541 3882512 18187208
542 3836348 211693
543 1008309
544 16153047
545 18174859
546 385092
547 208810
548 18171423
549 165706
550 18169674
551 3948622
552 137069
553 226330
554 4482932
555 6321063
556 18170615
557 18173403
558 2029079 3415347
559 18169614
560 18193039
561 18176279
562 6546080
563 18172619
564 20052
565 18173687
566 1412950
567 4945205
568 4184978
569 1598866
570 104038
571 18191465
572 166963
573 259215
574 1294552
575 2245766
576 3821592
577 4385009
578 18175129
579 7070
580 18169209 5545557
581 3878130
582 3853405
583 13032097
584 3824853
585 165706
586 13704169
587 64894
588 3840137
589 18178153
590 3822280
591 4292433
592 18133624
593 18192223
594 1150870
595 5677710
596 22172
597 1430250
598 4030545
599 3919965
600 3852110
601 892069
602 5173515
603 24826
604 9674719
605 320225 7111883
606 364285
607 1511496
608 288412
609 1552
610 6775760
611 3961133
612 440841
613 7509252
614 18174603
615 3822612
616 19309
617 4040567
618 4018890
619 3920600
620 503849
621 18169720 18174227 4066641 18183602
622 16564328
623 3956639
624 106147
625 467999
626 4064926
627 18176616
628 4277186
629 2666768 2876729
630 8301113 11280620
631 122065 3069152
632 1237350
633 5265735
634 18057 8492 18193539 45177
635 18177271
636 992331
637 3854229
638 140280
639 192545
640 18173488
641 18171140
642 18180471
643 5814071
644 3821860
645 6536097
646 764095
647 1639212
648 18171694 1859842
649 18173362
650 18183116
651 8274290
652 85245
653 73331
654 3943960
655 18170953
656 2545500
657 4181006 49851
658 977144
659 4801831
660 7841469 3975508 18190611
661 2110949
662 18175420
663 5365971
664 3337669
665 1277659
666 112549
667 7639594 3840796
668 18194021
669 18172917
670 6133973
671 1273975
672 1086702
673 4204270
674 988448
675 4686633
676 190944
677 3822612
678 638166
679 4077945
680 3238554
681 18188601
682 11900601
683 18183732
684 3834807 18176230
685 2202857
686 18169790
687 4313404
688 4085396
689 1186648
690 5764252
691 18175618
692 2331888
693 1917063
694 439453 30744
695 18177607
696 3824361
697 6682650
698 488638
699 5492341
700 4469552
701 18190160
702 18176647
703 18170961
704 6354383
705 2977521
706 10828435
707 4508012
708 13439418
709 1405882
710 586617
711 3877641
712 18192677
713 1805948
714 4082623
715 3830251
716 3826563
717 43626
718 5931431
719 18169821
720 1367585
721 13491276
722 18176110
723 8301113
724 4201652
725 7646077
726 3823566
727 4264203
728 18177863
729 5384781
730 1201542
731 574325
732 3853405
733 17299845
734 18183053
735 2863693
736 18191342
737 4747177
738 2159853
739 3218707
740 1511496
741 3789018
742 18193038
743 13081436
744 137159
745 3840760
746 4424921
747 4366124
748 3840760
749 3105354
750 507330
751 199059
752 3838626
753 1142143 18193218
754 4529133
755 5011548
756 1033806
757 6815343
758 49141
759 3527238
760 3820401
761 108137
762 18174434
763 18182726
764 182236
765 3828338
766 677733 18189423
767 3820420
768 1828793
769 4783002
770 18169559
771 4236890 18186485
772 3844954
773 18172301
774 18180888
775 18169952
776 47378
777 18178442
778 12142846
779 18173912 6308346
780 18169223
781 18171436
782 18168910
783 4808636
784 4100085
785 101021 4033254
786 18174624
787 13405877
788 18169795
789 5255176
790 18169098
791 18182703 23531
792 3840850
793 18184446
794 5182012
795 2290580
796 5856147
797 3953165
798 35574
799 3841585
800 238949
801 3848238
802 4527122
803 3877864
804 924758 2076562
805 5301200
806 18169418
807 167156
808 2223652
809 2937236
810 9473721
811 3821558 5152345
812 445328
813 187685
814 2973941
815 386880 386880
816 2970909
817 501958
818 4174954
819 18172113
820 18169168
821 540361
822 3857158
823 18175850
824 81043
825 3841650
826 1784364
827 4029163
828 18192286
829 4100877
830 293344
831 375615
832 3977815
833 347980
834 8264166
835 873403
836 3840011
837 6022466
838 5349512
839 18181769
840 759572
841 221585
842 18172982
843 800702
844 4318832
845 93496
846 2790876
847 18171977
848 18193435
849 18179466
850 3964231
851 2217986
852 18181152
853 18190013
854 4033401
855 3821859
856 3823835
857 4515532
858 756169
859 18172253 18168889
860 10116
861 18184094
862 3849975
863 18178609
864 3821072
865 18168842
866 18171077
867 153010
868 5081025
869 3819082 3854186
870 18178430
871 7729302 7058319
872 18181971 18169445 18190675
873 3822672
874 3868200
875 18191941
876 18169080
877 22647
878 790757
879 8019005
880 4279315
881 18172668
882 3819199
883 292650
884 850291
885 6780993
886 18175798
887 3813164
888 40183
889 18179187
890 4373397
891 7585113
892 8767091
893 687907
894 18171037
895 83931
896 4054167
897 3820401
898 5754663
899 18183859
900 14599892
901 18178580
902 2780850
903 184639
904 4063901
905 41060
906 1011992
907 18171029
908 94574
909 37479
910 18187186
911 1516649
912 18174025
913 5151
914 18179165
915 18169670 3932821
916 18169198
917 2524487
918 11866
919 18169537
920 7443120
921 18173893
922 18168967
923 1726
924 1596553
925 4156661 16324348
926 327997
927 3844837
928 5287151
929 4726426
930 18169148 3838901
931 3953295
932 18192349
933 408409
934 18168873
935 18170492
936 18172312 18181419
937 18183105
938 18171627
939 3824595
940 6546080
941 3832831
942 616044 3821267
943 4094031
944 1511496
945 4084258
946 17801
947 4290642
948 6952738
949 18188414
950 18189777
951 52967
952 104366
953 14690465
954 3923852
955 18173768 18191255
956 18171348 3896046
957 18183755
958 3824853
959 216386
960 18169771
961 6952738
962 3426977
963 4503
964 11895
965 18192433
966 18169216
967 1112116
968 18171576
969 18182363
970 7822695
971 18182853
972 2661
973 18178513
974 18190723
975 12965
976 18169861 18173106
977 4613258
978 3874838
979 6805793
980 3839746
981 3322417
982 500258
983 11382
984 5243515
985 3820594
986 3823910
987 12455938
988 3826154
989 3821859
990 18186228
991 3885606
992 18187317
993 559566
994 149167
995 18188092
996 5301200
997 18173578
998 326482 19309
999 8554252
1000 18168967
1001 18182338
1002 57857
1003 3942889
1004 153917
1005 18175566
1006 2883434
1007 18175537
1008 4009624
1009 4397204
1010 240566
1011 18168807
1012 3832688
1013 3823035
1014 18170730
1015 3840850
1016 5569
1017 18185425
1018 4425355
1019 6687365
1020 18175147
1021 4579394
1022 3936317
1023 6409887
1024 18191485
1025 5553018
1026 18175147
1027 18179316
1028 3060905
1029 4570497
1030 745405
1031 18176144
1032 2203238
1033 514014
1034 468102 18175255 3824853 18193670
1035 4155545
1036 12959979
1037 15060005
1038 18171081 18180739 18180740 15343
1039 18187351
1040 18188482
1041 18181706
1042 942372
1043 61336
1044 3952853
1045 3820002
1046 3825454
1047 11900601
1048 3730759
1049 18185676 8152
1050 6353160
1051 130224
1052 42282 8682726
1053 5017440
1054 18178476
1055 18171996
1056 155719
1057 3310433
1058 18169404
1059 3431260
1060 564909 18186336
1061 4634864
1062 1023208
1063 18170711
1064 18168807
1065 18174982
1066 4164456
1067 14109908
1068 11765527
1069 18169098
1070 3825826
1071 18185280
1072 18171680
1073 18181651
1074 18172118
1075 5343850
1076 18172465
1077 18170600
1078 12578301
1079 5521605
1080 5545557
1081 3821986
1082 5667171
1083 2304502 12469453
1084 18193530
1085 849078
1086 6515859
1087 257296
1088 3840760
1089 1920
1090 18174668
1091 17348
1092 2305098
1093 1785310
1094 5742720 192559
1095 2715815
1096 6791779
1097 3946401
1098 3169371
1099 3984377
1100 487089
1101 4106546
1102 18176478
1103 18173065
1104 1051293
1105 137339
1106 4135280
1107 19309
1108 974912
1109 42059
1110 18169198
1111 18178858
1112 18185432
1113 3853137
1114 1303867
1115 18180252
1116 6061588
1117 1338035
1118 93496
1119 18182325
1120 18171029
1121 455395
1122 4309320
1123 18176142
1124 18191187
1125 8736948
1126 4454315
1127 9041268
1128 1985075 85687
1129 308629
1130 95353
1131 3901213
1132 18170336
1133 18170741
1134 18170352
1135 11895
1136 18191549
1137 87742
1138 191069
1139 2365089
1140 18169030
1141 382005
1142 4183580
1143 11789
1144 2126712 18186137 18188297
1145 18182282 3847236
1146 18180130
1147 18193585
1148 4304419
1149 2906044
1150 836863
1151 18183335
1152 18193121
1153 3856255
1154 3824372
1155 358025
1156 3824315
1157 5545557
1158 3656028
1159 17589559
1160 101021
1161 3820387
1162 5521605
1163 18181577
1164 18178528
1165 11431328
1166 174307
1167 219348
1168 1183999
1169 972375
1170 6615117
1171 3819773
1172 18183173
1173 18184119
1174 213974
1175 11382
1176 339878
1177 836863
1178 4486648
1179 3829175
1180 3831761
1181 111333
1182 4591133
1183 18178978
1184 6952738
1185 285319 10590
1186 4012891
1187 4265195
1188 1828793
1189 4009691
1190 11382
1191 18175650
1192 18168817
1193 13707298
1194 11925637
1195 18190698
1196 18169971
1197 6196168
1198 126410
1199 408409
1200 106147
1201 18181071
1202 6236318
1203 4961850
1204 3821173
1205 4525618
1206 18181691
1207 18180604
1208 3844717
1209 88950
1210 4256612
1211 18182632
1212 410258
1213 18169209
1214 3901213
1215 3823731
1216 1280621
1217 5075257
1218 14564386
1219 18190373
1220 3822242
1221 18168970 9523
1222 3695393
1223 18185289
1224 18169292
1225 3879451
1226 18176902 18192052
1227 838126
1228 992336
1229 3648944
1230 7443120
1231 5457929
1232 1088638
1233 18175695
1234 2342990
1235 18182523
1236 3849365
1237 3868852
1238 3118848
1239 18182190
1240 293990
1241 1023058
1242 18174977
1243 6133973
1244 18168797
1245 3832825
1246 208810
1247 18170824
1248 113655
1249 4036972
1250 4713461
1251 1419870
1252 6048879
1253 18169113
1254 5663716
1255 3822672
1256 502273
1257 286906
1258 14758300
1259 829500
1260 5106757
1261 2970909
1262 6652495
1263 3824444
1264 18184679
1265 4951727
1266 3291446
1267 139585
1268 18191943
1269 3900230
1270 4634864
1271 3850197
1272 1277659
1273 18168890
1274 3845954
1275 3821425
1276 3915520
1277 3820267
1278 7891599
1279 3836267
1280 6922552
1281 5112774 18180633
1282 4268084
1283 18172915
1284 3830701
1285 1488125
1286 25542
1287 18182255
1288 3820401
1289 3824953
1290 3825826
1291 410258
1292 3821324
1293 18168970
1294 4209686
1295 2830468
1296 5502711
1297 3075795
1298 16607
1299 3824372
1300 5008020
1301 4047253
1302 14109908
1303 3917512
1304 18184287
1305 62602
1306 18179339
1307 3705539
1308 3840827
1309 18169808
1310 18171134
1311 52967
1312 108881
1313 18187389
1314 18171862
1315 143837
1316 7961813
1317 4618544
1318 18175625
1319 1733913
1320 86660
1321 2780234
1322 1237350
1323 445328
1324 18174905
1325 3832825
1326 4559388
1327 5712633
1328 3819724
1329 656351
1330 1389905
1331 7390711
1332 570057
1333 18169224
1334 18188024
1335 4027085
1336 439001
1337 18170408
1338 18193447
1339 18192026
1340 18175238
1341 66396
1342 182236 29040 18193202 18169172
1343 7485713
1344 11505112
1345 3853799
1346 2280197
1347 15854696
1348 243895
1349 4225565
1350 3824174
1351 18169448
1352 40390
1353 894224
1354 26049
1355 12363411
1356 3966881
1357 17609
1358 243969
1359 18179101
1360 3835172
1361 33285
1362 4469695
1363 18180059
1364 256134
1365 3906476
1366 119166
1367 2342662
1368 42041
1369 7614761
1370 4898266
1371 1920
1372 18172679
1373 3893699
1374 3939280
1375 3381746
1376 138676
1377 18191542
1378 18180536
1379 18187065
1380 5451798
1381 4166136
1382 4310584
1383 13439456
1384 500399
1385 3820267
1386 7042868
1387 3819690
1388 6122323
1389 7038705
1390 423627
1391 4945205
1392 18170614
1393 4204270
1394 410582
1395 125825
1396 3850867
1397 8959
1398 3822625
1399 790757
1400 12755916
1401 18169224
1402 913031
1403 18169098 4684942
1404 18169417
1405 4076387
1406 6990047
1407 4877996
1408 4268424 1516
1409 18191563
1410 18177262
1411 3824853
1412 4484658 444827
1413 4389026
1414 4020254
1415 3821794
1416 18173443
1417 15144217
1418 124079
1419 3842862
1420 18173898
1421 181326
1422 671040
1423 64360
1424 18170620
1425 3966881
1426 68380
1427 18175282
1428 2260931
1429 18660
1430 335941
1431 18187770
1432 18187080
1433 18177779
1434 702493
1435 5264006
1436 2860046
1437 18180327
1438 18169670
1439 18180761
1440 3819145
1441 3997023
1442 5213560
1443 112827
1444 1552
1445 4404299
1446 18183149
1447 3819782
1448 4306930 3871354
1449 577853
1450 3830649
1451 18184379
1452 18184478
1453 3823910
1454 814015
1455 375816
1456 18185003
1457 317658
1458 18186105
1459 32975
1460 18171598
1461 4362162
1462 10824818
1463 4184474
1464 1920
1465 18182006
1466 4172681
1467 1194809
1468 65803
1469 18169950
1470 4528620
1471 2465476
1472 10778747
1473 6988122
1474 18191275
1475 714728
1476 10203568
1477 4154787
1478 18192533
1479 18192750
1480 855619
1481 18182344
1482 4136857
1483 18193984
1484 18193996
1485 741533
