0 738
1 764
2 845
3 1015
4 1017
5 1122
6 1570
7 1686
8 1776
9 2148
10 2212
11 2272
12 2700
13 3253
14 3505
15 3730
16 4131
17 4414
18 4616
19 4808
20 5169
21 5190
22 5323
23 5342
24 5418
25 5749
26 5798
27 5831
28 5990
29 6063
30 6222
31 6248
32 6342
33 6350
34 6433
35 6697
36 6891
37 7183
38 7342
39 7848
40 8121
41 8352
42 8438
43 8440
44 8470
45 9110
46 9112
47 9328
48 9460
49 9650
50 9973
51 10286
52 10517
53 10730
54 10862
55 10954
56 11002
57 11341
58 12160
59 12385
60 12389
61 12847
62 13589
63 14005
64 14090
65 14119
66 14411
67 14652
68 14904
69 15140
70 15467
71 15756
72 15889
73 16558
74 16613
75 16616
76 16624
77 16933
78 17220
79 17440
80 17446
81 17905
82 18656
83 19544
84 19584
85 19690
86 19741
87 19777
88 20189
89 20469
90 20773
91 21335
92 21844
93 21895
94 21966
95 22257
96 22488
97 22611
98 23616
99 23887
100 24345
101 24604
102 25605
103 25999
104 26053
105 26160
106 26254
107 26483
108 27111
109 27749
110 28357
111 28714
112 29420
113 29656
114 29828
115 29911
116 29944
117 30032
118 30552
119 30628
120 30764
121 31004
122 31137
123 31248
124 31475
125 31535
126 31614
127 31899
128 32004
129 32070
130 32080
131 32184
132 32646
133 32972
134 33192
135 34008
136 34496
137 34552
138 34725
139 35000
140 35498
141 35575
142 35825
143 35939
144 35980
145 36075
146 36119
147 36294
148 36663
149 36834
150 37065
151 37422
152 37530
153 37595
154 37889
155 38100
156 38116
157 38125
158 38621
159 38700
160 39175
161 39223
162 39327
163 39788
164 39884
165 39988
166 40325
167 40512
168 41220
169 41225
170 41380
171 41412
172 41506
173 41529
174 41721
175 41877
176 41882
177 41919
178 42056
179 42119
180 42164
181 42795
182 43308
183 43602
184 44247
185 44313
186 44783
187 44811
188 44920
189 45313
190 45375
191 45794
192 46039
193 46178
194 46240
195 46416
196 46528
197 46529
198 46615
199 46808
200 46810
201 46851
202 47044
203 47415
204 48320
205 48592
206 48891
207 48956
208 49175
209 49309
210 49716
211 49796
212 50017
213 50724
214 50930
215 51120
216 51594
217 51793
218 52628
219 52970
220 53167
221 53673
222 54299
223 54306
224 54869
225 54876
226 55016
227 55150
228 55783
229 55786
230 55884
231 55917
232 55926
233 56168
234 57571
235 57602
236 57702
237 57880
238 58149
239 58209
240 58292
241 58458
242 58642
243 58825
244 58951
245 59166
246 60890
247 61284
248 61402
249 61470
250 62017
251 62404
252 62508
253 62998
254 63010
255 63158
256 63404
257 64288
258 64469
259 64637
260 64642
261 64643
262 64901
263 65017
264 65855
265 65888
266 66365
267 66651
268 66755
269 66795
270 66857
271 67430
272 67631
273 67759
274 67791
275 68123
276 68186
277 68936
278 69287
279 69610
280 69914
281 70003
282 70039
283 70607
284 70664
285 71031
286 71048
287 71160
288 71251
289 71252
290 71619
291 72123
292 72447
293 73185
294 73303
295 73960
296 74297
297 74338
298 74371
299 74432
300 74754
301 75019
302 75523
303 75606
304 75768
305 76264
306 76538
307 77248
308 77263
309 77405
310 77901
311 78031
312 78122
313 78252
314 78398
315 78570
316 78776
317 79381
318 79545
319 80034
320 80722
321 80827
322 81104
323 81734
324 82294
325 82669
326 82734
327 83075
328 83199
329 83642
330 83793
331 84373
332 84637
333 85919
334 85990
335 86007
336 86271
337 86649
338 87339
339 87824
340 87937
341 88781
342 88921
343 89404
344 89637
345 89817
346 89919
347 90404
348 91012
349 91606
350 91987
351 92039
352 92140
353 92209
354 92258
355 92269
356 92800
357 92898
358 94122
359 94236
360 94294
361 94927
362 95120
363 95464
364 95694
365 95875
366 96152
367 96293
368 96325
369 96327
370 96749
371 97190
372 97560
373 97858
374 98020
375 98280
376 98305
377 98342
378 98612
379 98976
380 99143
381 99170
382 99670
383 99699
384 99793
385 99832
386 100033
387 101055
388 101089
389 101607
390 101727
391 102043
392 102129
393 102567
394 102605
395 102628
396 103786
397 103978
398 104108
399 104171
400 104178
401 104208
402 104287
403 104669
404 104944
405 105369
406 105445
407 105489
408 106072
409 106473
410 106499
411 107044
412 107160
413 107353
414 107600
415 107957
416 107971
417 108477
418 108483
419 108703
420 108852
421 109978
422 110117
423 110163
424 110501
425 111191
426 111408
427 111466
428 111477
429 111479
430 111647
431 111670
432 111780
433 112099
434 112184
435 112346
436 112835
437 112996
438 113052
439 113187
440 113192
441 113431
442 113632
443 114539
444 114606
445 114680
446 114779
447 114941
448 115010
449 115120
450 115132
451 115286
452 115410
453 115672
454 115738
455 115928
456 116084
457 116394
458 116603
459 117739
460 118082
461 118099
462 118230
463 118259
464 118368
465 118469
466 118618
467 118645
468 119136
469 119673
470 120150
471 120174
472 120185
473 120453
474 120586
475 120817
476 120972
477 121080
478 121352
479 121483
480 121608
481 121891
482 121989
483 122284
484 122309
485 122552
486 122714
487 123145
488 123265
489 123401
490 124255
491 124933
492 125437
493 125587
494 125663
495 125749
496 126969
497 127045
498 127281
499 127571
500 127758
501 127957
502 128020
503 128088
504 128121
505 128298
506 128333
507 128386
508 128512
509 128917
510 128926
511 129568
512 129653
513 130186
514 131109
515 131260
516 131280
517 131316
518 133115
519 133243
520 133280
521 133342
522 133388
523 133392
524 135173
525 135366
526 135993
527 136274
528 136329
529 136337
530 136598
531 136690
532 136967
533 137071
534 137140
535 137588
536 137887
537 137916
538 137931
539 138506
540 138590
541 138685
542 139076
543 139552
544 139807
545 140896
546 141107
547 141166
548 141321
549 141847
550 142480
551 142564
552 142626
553 142754
554 143072
555 143256
556 143300
557 143517
558 143771
559 143790
560 144158
561 144211
562 144450
563 144934
564 145007
565 145699
566 145963
567 146139
568 146848
569 146897
570 147019
571 147529
572 147760
573 148303
574 148952
575 149201
576 149203
577 149464
578 150015
579 150142
580 150441
581 150480
582 151602
583 151780
584 152630
585 152820
586 152949
587 153164
588 153270
589 153461
590 153537
591 153646
592 153808
593 154218
594 155063
595 155158
596 155486
597 155658
598 156173
599 156185
600 156208
601 156235
602 156702
603 156840
604 157153
605 157600
606 158221
607 158259
608 158357
609 158875
610 159089
611 159333
612 159668
613 160903
614 161161
615 161334
616 161587
617 161979
618 162115
619 162172
620 162318
621 162347
622 163195
623 163198
624 163286
625 163669
626 163930
627 164109
628 164560
629 164768
630 165100
631 165256
632 165944
633 166054
634 166129
635 167306
636 167543
637 167812
638 168025
639 168208
640 168368
641 168411
642 168763
643 169479
644 169791
645 170169
646 171489
647 171678
648 172024
649 172183
650 172798
651 172815
652 173256
653 173383
654 173566
655 173928
656 173948
657 173981
658 174174
659 174290
660 175086
661 175107
662 175326
663 175404
664 175405
665 175425
666 175426
667 176416
668 176856
669 176881
670 177893
671 178264
672 179085
673 179176
674 179240
675 179775
676 180275
677 181347
678 181566
679 182571
680 182632
681 182897
682 183140
683 183204
684 184266
685 184781
686 185227
687 185229
688 185617
689 185639
690 185669
691 186219
692 186268
693 186629
694 186671
695 186726
696 186995
697 187085
698 187122
699 187639
700 188120
701 188188
702 188259
703 189055
704 189254
705 191606
706 192405
707 193204
708 193886
709 194075
710 194225
711 194501
712 196737
713 197273
714 197315
715 197883
716 200261
717 200999
718 201180
719 201695
720 202462
721 202486
722 202596
723 202662
724 203191
725 204114
726 204511
727 205535
728 205754
729 206160
730 206621
731 208009
732 208121
733 208730
734 210116
735 210162
736 210380
737 210624
738 211050
739 211907
740 212677
741 212733
742 213179
743 213236
744 213378
745 213438
746 213593
747 213889
748 214360
749 214649
750 215019
751 215805
752 216705
753 216740
754 216741
755 216751
756 218294
757 218416
758 219053
759 219184
760 219968
761 220402
762 220824
763 220859
764 220931
765 220937
766 221054
767 221593
768 221863
769 222957
770 223277
771 223346
772 223689
773 224879
774 225004
775 225110
776 225686
777 226177
778 226533
779 226881
780 227287
781 228450
782 229077
783 229144
784 229164
785 229224
786 230304
787 230609
788 231553
789 232781
790 232872
791 233322
792 234059
793 234239
794 234424
795 234978
796 236098
797 236167
798 237264
799 238019
800 238129
801 238158
802 238619
803 238960
804 239705
805 239796
806 239803
807 240932
808 241783
809 242905
810 243451
811 243736
812 244305
813 244674
814 245103
815 245211
816 245365
817 245569
818 246231
819 246392
820 246614
821 246634
822 247016
823 247473
824 247911
825 248159
826 248726
827 248912
828 248913
829 248969
830 250458
831 250806
832 250982
833 251464
834 251654
835 251866
836 252223
837 252351
838 252366
839 252708
840 252711
841 253183
842 253587
843 254266
844 254681
845 255341
846 256189
847 256550
848 257197
849 258212
850 258493
851 258548
852 258619
853 258785
854 260229
855 261639
856 261771
857 262829
858 262923
859 263549
860 263612
861 263856
862 264141
863 264143
864 264276
865 264334
866 264560
867 264690
868 266451
869 266886
870 266987
871 267386
872 267726
873 268288
874 268636
875 268681
876 269436
877 269787
878 271944
879 272134
880 274400
881 274891
882 275048
883 275629
884 275711
885 275967
886 275982
887 276244
888 276804
889 277558
890 277602
891 279037
892 279759
893 280225
894 280923
895 281032
896 281058
897 281082
898 282220
899 283125
900 283862
901 284507
902 284590
903 284697
904 285122
905 285482
906 286339
907 287035
908 287284
909 288382
910 289580
911 290142
912 291252
913 292285
914 292924
915 292985
916 293344
917 293472
918 293479
919 293530
920 294441
921 294593
922 294831
923 296245
924 297036
925 297393
926 297621
927 298368
928 298884
929 299411
930 300067
931 300802
932 301225
933 301337
934 301466
935 302677
936 302701
937 302879
938 303792
939 303877
940 304950
941 305399
942 306012
943 306078
944 307600
945 308880
946 309093
947 309146
948 309295
949 309964
950 310043
951 310877
952 310980
953 311346
954 311595
955 311755
956 311773
957 312000
958 313108
959 313260
960 313938
961 314256
962 315747
963 315807
964 316003
965 316061
966 316062
967 316611
968 316697
969 317196
970 317435
971 317926
972 317935
973 318224
974 318853
975 319728
976 319745
977 319749
978 320139
979 320310
980 320536
981 320699
982 321304
983 321951
984 322882
985 323027
986 323340
987 323787
988 323811
989 323953
990 324250
991 324320
992 324718
993 324859
994 327341
995 327508
996 329449
997 329583
998 330416
999 330762
1000 330931
1001 331136
1002 331647
1003 331833
1004 332062
1005 332546
1006 332691
1007 333563
1008 333862
1009 333914
1010 334659
1011 335014
1012 335345
1013 336151
1014 337364
1015 338017
1016 339477
1017 339589
1018 339997
1019 341892
1020 341916
1021 342042
1022 342822
1023 342901
1024 343108
1025 343509
1026 343685
1027 344027
1028 344395
1029 345663
1030 345867
1031 346287
1032 347525
1033 347960
1034 348206
1035 349553
1036 350020
1037 350519
1038 350738
1039 351251
1040 351678
1041 351884
1042 352427
1043 352533
1044 352576
1045 352720
1046 353106
1047 353801
1048 354058
1049 354112
1050 354493
1051 354709
1052 355148
1053 356449
1054 356599
1055 356930
1056 356982
1057 357519
1058 358140
1059 358745
1060 359379
1061 359714
1062 360568
1063 360909
1064 361128
1065 361549
1066 363865
1067 365127
1068 365131
1069 365413
1070 365485
1071 365661
1072 366367
1073 367025
1074 367566
1075 367845
1076 368151
1077 369041
1078 370228
1079 371445
1080 371930
1081 372204
1082 372586
1083 372608
1084 374705
1085 375516
1086 376258
1087 376958
1088 377184
1089 377275
1090 377576
1091 377582
1092 377721
1093 378241
1094 378294
1095 382941
1096 383618
1097 384043
1098 384224
1099 384339
1100 384500
1101 384703
1102 385007
1103 386362
1104 386602
1105 387629
1106 387633
1107 388163
1108 388308
1109 388506
1110 389213
1111 389529
1112 389683
1113 389844
1114 389903
1115 391090
1116 391369
1117 391812
1118 392110
1119 392325
1120 392358
1121 392897
1122 394146
1123 394270
1124 394325
1125 395228
1126 395407
1127 395622
1128 396455
1129 396887
1130 396988
1131 397648
1132 397762
1133 397942
1134 398604
1135 399991
1136 400096
1137 400628
1138 400631
1139 400724
1140 400842
1141 401223
1142 401647
1143 402104
1144 402460
1145 402468
1146 402869
1147 403476
1148 403630
1149 403672
1150 404424
1151 405360
1152 405938
1153 406683
1154 407159
1155 408007
1156 408049
1157 408183
1158 408309
1159 408324
1160 408566
1161 408708
1162 409075
1163 409451
1164 410237
1165 411378
1166 411531
1167 411795
1168 412988
1169 414486
1170 414561
1171 414744
1172 416414
1173 416526
1174 418390
1175 419166
1176 419404
1177 420597
1178 420692
1179 421010
1180 423052
1181 425154
1182 425283
1183 425404
1184 425536
1185 426230
1186 427335
1187 427959
1188 428041
1189 428676
1190 428789
1191 431709
1192 432370
1193 433621
1194 433774
1195 434610
1196 435756
1197 435796
1198 436166
1199 437576
1200 438656
1201 440963
1202 441494
1203 447563
1204 448679
1205 449268
1206 450431
1207 452070
1208 453646
1209 453835
1210 454680
1211 454688
1212 455392
1213 456250
1214 456641
1215 457346
1216 457856
1217 459068
1218 459223
1219 460813
1220 461098
1221 461273
1222 461981
1223 462049
1224 462327
1225 462474
1226 462799
1227 462809
1228 462873
1229 463241
1230 463647
1231 463690
1232 463844
1233 464106
1234 465178
1235 465398
1236 465400
1237 465850
1238 465861
1239 466326
1240 466753
1241 466832
1242 467656
1243 468273
1244 468305
1245 468893
1246 469328
1247 469366
1248 469454
1249 469563
1250 469709
1251 470117
1252 470175
1253 471131
1254 471367
1255 471493
1256 471684
1257 472401
1258 472806
1259 472807
1260 472859
1261 473083
1262 473606
1263 473685
1264 474868
1265 475188
1266 475309
1267 475496
1268 475727
1269 475930
1270 476755
1271 477093
1272 477442
1273 477845
1274 477987
1275 478267
1276 478342
1277 479539
1278 479668
1279 479696
1280 480245
1281 480841
1282 481423
1283 481592
1284 481845
1285 481961
1286 481976
1287 483016
1288 483388
1289 483435
1290 483466
1291 483657
1292 483922
1293 484421
1294 484656
1295 484822
1296 485140
1297 485486
1298 486093
1299 486428
1300 486596
1301 486620
1302 487240
1303 488155
1304 488365
1305 488452
1306 488643
1307 488781
1308 488914
1309 489595
1310 489939
1311 489969
1312 489977
1313 490675
1314 490755
1315 490909
1316 490921
1317 491567
1318 493062
1319 494119
1320 494545
1321 496012
1322 496185
1323 496300
1324 496637
1325 496664
1326 497191
1327 497916
1328 498661
1329 499037
1330 499104
1331 499342
1332 499655
1333 499846
1334 499996
1335 501355
1336 501641
1337 501772
1338 502850
1339 503198
1340 503978
1341 504099
1342 504850
1343 505211
1344 506400
1345 506573
1346 506639
1347 506862
1348 507849
1349 509281
1350 509321
1351 510483
1352 511515
1353 511698
1354 512668
1355 513987
1356 514347
1357 514806
1358 514992
1359 515243
1360 516106
1361 516213
1362 516505
1363 516964
1364 521038
1365 522044
1366 523719
1367 523724
1368 523822
1369 524036
1370 524048
1371 524198
1372 524464
1373 524547
1374 525446
1375 527894
1376 528238
1377 528597
1378 529321
1379 529657
1380 530100
1381 530498
1382 530529
1383 530537
1384 530544
1385 530601
1386 530644
1387 530652
1388 530696
1389 530715
1390 530719
1391 530725
1392 530772
1393 530787
1394 530806
1395 530812
1396 530822
1397 530831
1398 530853
1399 530878
1400 530885
1401 530888
1402 530899
1403 530932
1404 530998
1405 531002
1406 531027
1407 531032
1408 531066
1409 531074
1410 531077
1411 531177
1412 531184
1413 531207
1414 531236
1415 531285
1416 531286
1417 531350
1418 531372
1419 531373
1420 531379
1421 531386
1422 531562
1423 531592
1424 531682
1425 531691
1426 531708
1427 531725
1428 531756
1429 531768
1430 531795
1431 531877
1432 531930
1433 532001
1434 532067
1435 532131
1436 532191
1437 532413
1438 532420
1439 532467
1440 532487
1441 532503
1442 532579
1443 532627
1444 532658
1445 532777
1446 532830
1447 532863
1448 532882
1449 532888
1450 532982
1451 533007
1452 533019
1453 533043
1454 533108
1455 533113
1456 533120
1457 533276
1458 533285
1459 533291
1460 533347
1461 533435
1462 533437
1463 533444
1464 533499
1465 533542
1466 533702
1467 533719
1468 533804
1469 533806
1470 533822
1471 533834
1472 533856
1473 533916
1474 533971
1475 533980
1476 534120
1477 534156
1478 534169
1479 534211
1480 534239
1481 534316
1482 534324
1483 534346
1484 534347
1485 534349
